1	1	2	2	1
1	1	2	2	7
1	2	1	5	9
1	3	2	2	6
